658 84 18 17 D 0.0
591 122 18 17 G 0.0
267 267 18 17 G 0.0
445 255 18 17 A 0.0
1106 96 18 17 B 0.0
333 242 18 17 D 0.0
1085 109 18 17 G 0.0
383 281 18 17   0.0
1376 84 18 17 D 0.0
1295 46 18 17 B 0.0
920 46 18 17 B 0.0
1128 84 18 17 D 0.0
1001 85 18 17 D 0.0
407 58 18 17 B 0.0
982 72 18 17 D 0.0
535 71 18 17 D 0.0
1249 46 18 17 B 0.0
879 47 18 17 B 0.0
840 46 18 17 B 0.0
960 60 18 17 B 0.0
1063 128 18 17 B 0.0
153 280 18 17   0.0
288 46 18 17 B 0.0
752 85 18 17 D 0.0
1206 47 18 17 B 0.0
806 59 18 17 B 0.0
784 72 18 17 D 0.0
674 128 18 17 B 0.0
444 67 18 17 B 0.0
1171 53 18 17 B 0.0
729 231 18 17 G 0.0
334 274 18 17   0.0
1150 66 18 17 B 0.0
508 217 18 17 B 0.0
751 120 18 17 G 0.0
708 118 18 17 G 0.0
860 42 18 17 B 0.0
943 41 18 17 B 0.0
1358 66 18 17 B 0.0
1334 55 18 17 B 0.0
1271 42 18 17 B 0.0
1228 42 18 17 B 0.0
730 105 18 17 A 0.0
448 97 18 17 B 0.0
330 54 18 17 B 0.0
590 80 18 17 D 0.0
382 250 18 17 A 0.0
899 43 18 17 B 0.0
1318 42 18 17 B 0.0
266 237 18 17 D 0.0
507 188 18 17 C 0.0
335 84 18 17 D 0.0
209 277 18 17   0.0
1135 118 18 17 G 0.0
251 266 18 17 G 0.0
1126 120 18 17 G 0.0
153 266 18 17 G 0.0
234 105 18 17 A 0.0
1104 69 18 17 B 0.0
176 93 18 17 B 0.0
165 230 18 17 G 0.0
567 94 22 14 Blue 0.0
383 94 22 14 Blue 0.0
183 252 22 14 Blue 0.0
267 94 22 14 Blue 0.0
152 94 22 14 Blue 0.0
594 239 22 14 Blue 0.0
508 94 22 14 Blue 0.0
208 94 22 14 Blue 0.0
239 240 22 14 Blue 0.0
536 239 22 14 Blue 0.0
