608 209 18 17 C 0.0
210 236 18 17 C 0.0
629 210 18 17 C 0.0
1216 219 18 17 C 0.0
221 235 18 17 C 0.0
337 62 18 17 D 0.0
1509 340 18 17   0.0
242 235 18 17 C 0.0
329 63 18 17 D 0.0
1298 323 18 17 G 0.0
1449 145 18 17 C 0.0
233 235 18 17 C 0.0
1646 299 18 17 A 0.0
476 86 18 17 A 0.0
998 338 18 17   0.0
188 96 18 17 G 0.0
1414 289 18 17 D 0.0
1102 297 18 17 A 0.0
1509 313 18 17 A 0.0
914 305 18 17 A 0.0
1682 308 18 17 A 0.0
917 330 18 17   0.0
1616 240 18 17 C 0.0
578 323 18 17 G 0.0
998 279 18 17 G 0.0
517 313 18 17 A 0.0
1420 331 18 17   0.0
293 86 18 17 A 0.0
1046 289 18 17 D 0.0
189 288 18 17 D 0.0
295 297 18 17 A 0.0
396 86 18 17 A 0.0
471 272 18 17 G 0.0
474 329 18 17 G 0.0
238 288 18 17 D 0.0
412 33 18 17 B 0.0
629 307 18 17 A 0.0
32 82 18 17 B 0.0
37 277 18 17 G 0.0
1589 291 18 17 D 0.0
815 279 18 17 G 0.0
590 323 18 17 G 0.0
1169 102 18 17 G 0.0
857 136 18 17 C 0.0
398 296 18 17 D 0.0
113 97 18 17 G 0.0
166 64 18 17 D 0.0
346 102 18 17 G 0.0
244 102 18 17 G 0.0
708 313 18 17 A 0.0
591 113 18 17 G 0.0
637 245 18 17 C 0.0
1636 242 18 17 C 0.0
1226 256 18 17 B 0.0
1694 141 22 14 Blue 0.0
