109 57 18 17 G 0.0
179 45 18 17 B 0.0
214 45 18 17 B 0.0
980 57 18 17 G 0.0
545 57 18 17 G 0.0
1082 189 18 17 G 0.0
615 45 18 17 B 0.0
650 45 18 17 B 0.0
144 74 18 17 D 0.0
580 74 18 17 D 0.0
1082 85 18 17 B 0.0
284 57 18 17 G 0.0
319 34 18 17 D 0.0
354 34 18 17 D 0.0
389 34 18 17 D 0.0
249 45 18 17 B 0.0
929 45 18 17 B 0.0
424 45 18 17 B 0.0
894 132 18 17 C 0.0
459 132 18 17 C 0.0
494 45 18 17 B 0.0
720 57 18 17 G 0.0
755 34 18 17 D 0.0
685 45 18 17 B 0.0
790 34 18 17 D 0.0
825 34 18 17 D 0.0
1082 57 18 17 G 0.0
860 45 18 17 B 0.0
894 51 18 17 A 0.0
459 51 18 17 A 0.0
894 166 18 17 D 0.0
459 166 18 17 D 0.0
109 149 18 17 G 0.0
544 150 18 17 G 0.0
980 149 18 17 G 0.0
109 137 18 17 B 0.0
980 137 18 17 B 0.0
545 137 18 17 B 0.0
247 152 38 17 Green 0.0
683 152 38 17 Green 0.0
1161 152 38 17 Green 0.0
1161 31 38 17 Green 0.0
389 164 22 14 Blue 0.0
825 164 22 14 Blue 0.0
1031 164 22 14 Blue 0.0
1031 43 22 14 Blue 0.0
